1,Tuna,4,78,01/03/2016,1,2
2,Pampers,11,74,01/03/2016,1,2
3,Spaghetti,4,28,01/03/2016,1,2
4,Shirts,11,48,01/03/2016,1,2
5,Pants,11,7,01/03/2016,1,2
6,Underwear,11,31,01/03/2016,1,2
7,Ravioli,4,7,01/03/2016,1,2
8,SPAM,4,8,01/03/2016,1,2
9,Rice,5,98,01/03/2016,1,1
10,Gasoline,7,58,01/03/2016,1,1
11,Diesel,7,48,01/03/2016,1,1
12,Propane,7,90,01/03/2016,1,2
13,Hammer,10,78,01/03/2016,1,3
14,ChainSaw,10,78,01/03/2016,1,4
15,Panadol,2,728,01/03/2016,1,5
16,Naproxen,2,18,01/03/2016,1,2
17,Corned Beef,4,48,01/03/2016,1,6
